1      | S                  | 0      | 0         
2      | A                  | 1      | 0         
3      | B                  | 1      | 2         
4      | (                  | 2      | 0         
5      | S                  | 2      | 4         
6      | )                  | 2      | 5         
7      | A                  | 5      | 0         
8      | B                  | 5      | 7         
9      | int                | 7      | 0         
10     | C                  | 7      | 9         
11     | eps                | 10     | 0         
12     | eps                | 3      | 0         
13     | +                  | 8      | 0         
14     | S                  | 8      | 13        
15     | A                  | 14     | 0         
16     | B                  | 14     | 15        
17     | int                | 15     | 0         
18     | C                  | 15     | 17        
19     | eps                | 18     | 0         
20     | eps                | 16     | 0         
